11225940915
11226005464
10999079384
11000567873
11001830534
11003483044
11003727474
11006563945
11091788164
11101138476
11112815134
11114913146
11183755175
11184074593
11185242646
11186042286
11186170743
11191439053
11194344783
11211019095
11214854395
11288743895
11211019095
11214854395
11288743895
11290418923
11290653313
11299062503
11302309993
11306074696
11016101063
10998812925
10998995725
10999110204
11000544684
11003350195
11003537106
11003604603
11003611783
11011448506
11028172324
10999097796
11015574123
11017016986
11006073655
11006079876
11007195796
11007296273
11007368164
11007423114
11012886374
11002328266
11002654506
11006087445
11007497313
11017435216
11019741616
11000297576
11000622703
11023301136
11002957206
11003028114
11008450004
10998603433
10998691336
11000417065
11001611023
11002909695
11017021244
11008145435
11012099534
11015854514
11030146216
11030207195
11031122665
11002152584
11002191603
11002215764
10998752096
10999386676
11018677455
11000485806
10997938735
11005707373
11019888935
11020186465
10999471216
11002763924
11002517186
11006884605
11003515236
11017545863
11020096663
11020341494
11021347535
11022185253
11022868795
10999395624
10999413194
10999602684
11005181255
11002530274
11007467176
11008083055
10999136855
11009053435
11023119874
11012776794
10999207485
10999621603
11000005093
11014695615
11020751373
11030487964
11030555266
11009556113
11022807993
11036582714
11039332756
11040049016
11062055814
11068548076
11044367466
11054707513
11086927094
11090802374
11092129944
11064097385
11058025384
11062374074
11085096324
11086859906
11070895984
11061037564
11087783484
11056455593
11065028403
11053787744
11091549526
11092778116
11044722913
11059254544
11057895223
11084880373
11085390133
11085390133
11037541155
11063873725
11075836196
11087522896
11056914523
11058210895
