11225940316
11054730634
11060032266
11086119485
11096666854
11126931103
11128231683
11225892735
11225911913
11225940316
11225961743
11226011224
11226028843
11226028943
11226134316
11240585446
11008251033
11019397175
11022295996
11058551004
11058607333
11086575406
11094787935
11100735006
11114397615
11115703044
11115851014
11115889494
11116190466
11116193255
11116343223
11116384984
11116563025
11116683934
11195927934
11199984794
11200816633
11203791585
11207673274
11213546146
11214309734
11214575993
11214658413
11214736896
11214922276
11215271156
11215579396
11215606183
11215614546
11216103704
11216688446
11216816215
11217042743
11217300664
11217384655
11217390473
11217782715
11218129463
11218288054
11218426645
11219012856
11234448225
11235077363
11299372416
11304855146
10999079363
10999228974
11000421666
11002517124
11002610103
11003579883
11005560353
11005663274
11008455665
11017880235
11018631864
11019933286
11020018986
11020377893
11025315014
11037313316
11040353196
11040998315
11043611964
11048585963
11053406743
11059091925
11059166805
11060990306
11061183324
11061325304
11062237924
11063255935
11064714874
11065369795
11065388354
11068493433
11069001975
11069839814
11073182455
11086716905
11086900986
11087635064
11091529974
11092307024
11092537026
11092921133
11093428174
11105113905
11105231826
11112576975
11115304704
11115419865
11133686244
11134436486
11135461426
11139582953
11141940364
11142257673
11142258846
11143268555
11144788485
11144855376
11145169333
11145487765
11146498555
11147008903
11147028235
11147678236
11148223903
11164925444
11182016265
11188694646
11230179926
11233736444
11243217875
11243608824
11245511185
11253406984
11280229653
11290058194
11290575705
11290641106
11290810406
11290894943
11304459763
11306490184
11306510776
11290418923
11001745304
11088407793
11088944853
11103819065
11109211054
11109258544
11112912956
11114928963
11115243584
11115267686
11115340955
11116322816
11117041485
11120657674
11143558975
11143580155
11209721444
11210445424
11218164315
11223586566
10998410764
11000380404
11000422645
11000459844
11000479235
11000489303
11000620595
11003452795
11005500555
11008600885
11008695214
11008720804
11008740643
11008743064
11008751146
11008752454
11008764814
11008783796
11008789995
11008792095
11008798893
11008809206
11008817234
11008833466
11008849525
11008852473
11008891804
11008900805
11008908666
11008919265
11008931723
11008940074
11008967515
11008989575
11009027195
11009037263
11009055363
11009065524
11009073275
11009111736
11009132925
11009137176
11009152243
11009164946
11009181264
11009183093
11009220543
11009236514
11009243175
11009259296
11009261745
11009274573
11009377045
11009381313
11009386713
11009404914
11009416493
11009417924
11009421166
11009427425
11009428353
11009435285
11009480196
11009494315
11009512424
11009558923
11009561375
11009590683
11009615134
11009632056
11009635835
11009677605
11009717563
11009722516
11009748544
11009760964
11009795594
11009836864
11009839993
11009851423
11009871023
11009875393
11009928443
11010957595
11011059224
11011065296
11011066184
11011079273
11011096946
11011118074
11011144983
11011165326
11011212983
11011217124
11011227733
11011237626
11011241515
11011253923
11011279884
11011307196
11011322183
11011329654
11011342574
11011408596
11011430355
11011456916
11011482036
11011500346
11011538555
11011542624
11011557906
11011572223
11011580666
11011581825
11011604376
11011610474
11011616284
11011629564
11011636725
11011639024
11011649376
11011649376
11011652245
11011654243
11011663663
11011687893
11011731445
11011758495
11011795985
11011796944
11011815235
11011822445
11011872256
11011881823
11011891254
11011917236
11011934583
11011943086
11011971384
11011989384
11012004714
11012008334
11016629675
11019660954
11019695366
11019858224
11019867404
11020000806
11020178225
11022267064
11022488255
11022559355
11023379716
11029488256
11029609876
11031411266
11031536173
11032367933
11034400233
11034949175
10997081445
10997162006
10997168816
10998860736
10998862925
10998871466
10998946146
10999005956
10999014135
10999027116
10999069083
10999071065
10999084355
10999092815
10999113606
10999147643
10999217784
10999274224
10999297174
10999332723
10999333463
11001234116
11001293823
11002284143
11002564164
11003439665
11003457326
11003460945
11003465405
11003540636
11003560395
11003575944
11003582924
11003597405
11003604585
11003623886
11003666504
11003696896
11003731645
11005304555
11015285973
11018421304
11020088753
11020236535
11021677524
11022207304
11029137315
11029742773
11029874476
11030304216
11031116933
11031959826
11032102284
10997435136
10999095065
10999710015
11001965063
11002068363
11002107684
11002154554
11003494703
11003501813
11003548964
11005594093
11005641624
11006639914
11006673983
11009330805
11009403975
11009830376
11009915055
11010908434
11011770795
11011840263
11014685553
11015015235
11016491084
11016798066
11017256254
11018542636
11018614053
11019612295
11020004694
11020149486
11020650066
11020992973
11021313823
11021373293
11021513966
11023445674
11023697686
11025130153
11025266074
11025310125
11026292744
11029085413
11029912255
10997089465
10997160646
10997614673
10998042026
10998531863
10998567954
10998602654
10998663985
10998691934
10998855766
10998921786
10998973563
10999012726
10999034444
10999050515
10999060796
10999246486
10999271773
10999315424
10999367713
10999530186
11001028295
11001056405
11001159555
11001453645
11001992274
11002438944
11002713383
11002810813
11003366925
11003401195
11003472366
11003481374
11003513765
11003538253
11003581043
11003605423
11003609405
11003616526
11003625554
11003625896
11003635924
11003652496
11003663806
11003666766
11003675973
11003677726
11003683624
11003718723
11003761063
11003776823
11005573364
11005585513
11005997345
11006063296
11006111045
11006178794
11006238096
11008370094
11008445253
11010964585
11015531026
11015878945
11016469774
11016599525
11017004145
11020265195
11020603593
11022123684
11022175445
11022254433
11024913284
11029162446
11029203124
11030086594
11030563145
11030623663
11030723926
11030765424
11031109424
11031492304
11031541883
11031718053
11031795574
10997784606
10998042923
10998082013
10999406496
10999474204
10999585236
10999650556
11000059693
11000329575
11000585265
11001138936
11001283304
11001322364
11001824825
11002034276
11002048684
11002074315
11002124706
11002143726
11002194133
11002216605
11002280424
11002284094
11002525594
11002526453
11002554984
11002746256
11002900603
11002921283
11003310064
11003318494
11003402665
11003461926
11003501136
11003590903
11005400986
11005487934
11005536683
11005539463
11006185796
11006203234
11006818303
11007133624
11007159103
11007186746
11007473374
11007508603
11008203375
11008251734
11008526833
11008530296
11008629245
11008671575
11008799954
11008838406
11009058113
11009249784
11009272766
11009459715
11009807984
11010268566
11011010666
11011214235
11011338153
11011483795
11011514795
11011597034
11011613743
11011622045
11011626585
11011737824
11011760703
11011770014
11011770983
11011892264
11011938494
11012162384
11013195736
11014502346
11014784965
11015057646
11015091545
11015203216
11015845463
11016098153
11016195183
11016274845
11016495384
11018355845
11018321295
11018742416
11019037505
11019125794
11019174915
11019234505
11019517085
11019623986
11019651273
11019902766
11019912483
11019940263
11019952036
11020033723
11020063386
11020068266
11020145655
11020172613
11020202325
11020258473
11020266383
11020349365
11020469306
11020606143
11020638305
11020918274
11021789064
11021949096
11022000544
11022009676
11022472305
11022480335
11022556154
11022564966
11022739745
11022743756
11022782925
11022913236
11022920224
11022995655
11023100695
11023105904
11023265805
11023320945
11023387515
11023427263
11023576174
11023714105
11023787125
11024034646
11024147023
11028014294
11028514696
11028714735
11028772514
11028774306
11029278126
11029370655
11029510153
11029566364
11029734226
11029974886
11030124743
11030134104
11030232053
11030394475
11030669616
11030706675
11030717165
11031387723
11031634516
11032543203
11032736833
11033445464
11033645325
11034039375
11034933685
11035227816
11035341834
11035504896
11173178043
10997990393
10999340014
10999701183
11001894645
11001930966
11002066246
11002074404
11002143073
11002188796
11002222893
11002248713
11002265026
11002265026
11002315483
11002385133
11003371414
11003568313
11003589976
11003623473
11003759594
11005111496
11005269056
11005341243
11005397465
11005464126
11005579784
11005597086
11005615243
11006209335
11006490763
11006705454
11007241774
11007248703
11007357665
11007379933
11008227014
11008454306
11008759594
11009491205
11009798343
11010615456
11011361945
11011707504
11012067303
11015221263
11015264236
11015346944
11015616973
11015687155
11015743744
11016522724
11016701856
11017166663
11018405295
11018518026
11019509065
11019613046
11019920706
11019924193
11019976996
11020013463
11020185224
11020199816
11020327243
11021415914
11022322966
11022498754
11022846924
11023006344
11024033254
11028349485
11028546346
11029198276
11029257536
11029371806
11029443984
11029660264
11030807183
11030943544
11031000565
11031408076
11032018084
11033951744
11034065686
10997789376
10997918024
11002108105
11002314874
11002631504
11002639186
11003141895
11003169335
11003285636
11003358534
11003483375
11003573144
11003586283
11003725836
11005355695
11005498524
11006724906
11009698325
11009907673
11009952306
11010098275
11010251605
11010394793
11010514446
11010653753
11010720253
11010867893
11011045086
11015253154
11015410576
11015854014
11016678414
11019061456
11019474644
11020203654
11020209685
11020370796
11020457005
11020472914
11020484154
11020502453
11020507033
11020520304
11020532716
11020560426
11020578853
11020579145
11020655454
11020665604
11020696895
11020753884
11020757945
11020772216
11020805794
11020819924
11020824023
11020827156
11020879736
11020883513
11020910584
11020960873
11021001913
11021032056
11021046594
11021095096
11021225426
11021291324
11021308246
11021311955
11021314665
11021321486
11021350536
11021352925
11021372335
11021403533
11021492715
11021528903
11021544553
11021550575
11021574476
11021583784
11021594895
11021720884
11021800145
11021815453
11021859974
11021871094
11021878926
11021960084
11022322233
11022513924
11022662915
11023224096
11028469053
11029171074
11029327293
11033050726
11170761483
11171345965
11173053253
11173073953
11002018235
11002206613
11002270624
11002434135
11002649665
11002650166
11003514316
11005465363
11005894195
11005973425
11006089025
11006202215
11007007586
11007008225
11007094784
11007179143
11007227253
11007324713
11007335974
11007494863
11007503624
11008644794
11009111406
11010782975
11017023624
11019744194
11020253774
11022456883
11023046236
11023990346
11027877895
11030339854
11030520775
11030606093
11030634575
11030928434
11031330935
11031514154
11032005145
11034341415
11035296756
11000394524
11000442323
11000586203
11000693066
11001544384
11001931066
11002536114
11002668953
11003661253
11003701173
11005440264
11005704053
11007116503
11009295416
11011245974
11011619026
11014325715
11014422046
11014532295
11014581705
11014596463
11014614393
11014659576
11014681495
11014698845
11014701225
11014715275
11014720536
11014735305
11014773794
11014839316
11014865944
11014885886
11014887155
11014895584
11014896944
11014909854
11014938753
11014938904
11014961845
11014970713
11014994996
11015027586
11015051933
11015056143
11015057884
11015059506
11015075394
11015117003
11015125183
11015144186
11015160554
11015181524
11015341974
11015348465
11015356914
11015367306
11015535933
11018457446
11019936973
11020118274
11020161986
11020182454
11020794176
11020900024
11020914223
11020951546
11020967923
11021181403
11021303975
11021511583
11021588896
11021606743
11021675443
11021975374
11023607234
11023848034
11024387923
11035197836
11035361345
11173163085
11173164435
10997501174
10997508554
10997562093
10997692655
10997940365
10999084383
10999722553
11001232634
11001995445
11002028176
11002071836
11002118605
11002319453
11003221366
11003258696
11003470303
11003552704
11007174144
11007195584
11008673895
11008841596
11008845085
11008891365
11008947454
11008997144
11009159885
11009422703
11009518945
11009782884
11011005076
11011037225
11011098575
11011122486
11011132106
11011152526
11011348314
11011565796
11011636213
11011720386
11011744964
11011797943
11011842783
11011945843
11014432296
11014536455
11014590905
11014595006
11014602505
11014605986
11014611576
11014659115
11014788655
11014795323
11014828405
11014830694
11014846375
11014850083
11014895413
11014910853
11014928916
11014963084
11015030463
11015032513
11015045146
11015065535
11015095325
11015099534
11015128524
11015136435
11015161655
11015214013
11015218383
11015254776
11015308426
11015498773
11016224865
11023503333
11024420045
11029715336
11031463014
11031854024
10997958786
10999003725
10999334846
10999843045
11001109885
11001828183
11002253385
11002333413
11002336523
11002565413
11002569363
11002835953
11002888573
11002956693
11002980796
11002987404
11002992046
11003009906
11003014603
11003023904
11003039853
11003095523
11003345915
11003574455
11003606733
11003757583
11004087776
11004757496
11005585804
11006368345
11008010205
11008184663
11008337534
11008340243
11010163013
11010487015
11010487015
11010798314
11010868215
11010896754
11010934754
11015520035
11015576553
11015640524
11015658605
11015701394
11015779473
11016264646
11016290636
11016492825
11016548046
11016570196
11016649796
11016693775
11016725354
11016759135
11016794593
11016833165
11017014533
11019653356
11019789823
11019843894
11019855066
11019933175
11020018274
11020155854
11020263336
11020313274
11025078873
11029345264
11030308356
11030498233
11030890744
11030891263
11032173604
11032428104
11033484444
11170514816
11173032074
11173339613
10998077775
10998115804
10998182744
10998250456
10998284703
10998317304
10998333323
10998351666
10998374874
10998444515
10998455046
10998460953
10998468966
10998587365
10998608764
10998656754
10998706393
10998760504
10998784786
10998799226
10998835156
10998865023
10998881046
10998882493
10998896916
10998925116
10999094484
10999130775
10999154383
10999341773
10999497876
10999535065
10999639535
11000285745
11000326435
11000345785
11000353935
11000398386
11000414373
11000425856
11000479195
11000720683
11000757153
11000767703
11000821243
11001523144
11002619436
11002651513
11002739984
11002786963
11003265715
11003269516
11003347693
11003566306
11003726033
11003758585
11003953444
11005590923
11005857613
11005877954
11005895705
11006026103
11006497696
11006523836
11007916735
11008005256
11008076166
11008113295
11008118845
11008126223
11008141404
11008147714
11008215343
11008224316
11008226426
11008236744
11008308654
11008393676
11008523185
11008594926
11008666826
11008764323
11008774233
11009371876
11009718705
11009775156
11009931765
11010294053
11010333643
11010995816
11011334654
11011423824
11011509803
11011892533
11015293186
11015982744
11016113633
11019450776
11019915124
11020021026
11020239743
11021711643
11021809423
11022275973
11022908744
11023095893
11023342875
11023427065
11023578595
11023603096
11023733883
11023740875
11023755046
11023848143
11023994403
11024045283
11024102334
11024281543
11024321394
11024392786
11024710553
11025227345
11025354926
11025487946
11028620143
11029437765
11029952095
11030600954
11031027946
11031028535
11032333456
11032555025
11032577884
11032737724
11033771874
11173020913
11173159443
11173173803
11173212636
10997083335
10999775834
10999791043
10999839534
11000745553
11001219684
11002242006
11006129383
11006868725
11006888315
11006945275
11007073034
11007086364
11007096113
11007227213
11007240213
11007986256
11008067486
11008186403
11008207225
11011305135
11015073985
11015513106
11015528755
11015700256
11016032256
11016903875
11017138104
11018891724
11019788594
11020119544
11023078575
11023134705
11023428483
11023472804
11023528484
11023574204
11023666215
11023688705
11023872235
11023960455
11023982394
11024117714
11025455403
11030325135
11032547255
11032997104
11035340765
11169968226
11171041213
11172994026
11173202813
11006315003
11006522153
11011749894
11011828323
11011905673
11016805566
11017187394
11019663185
11019710906
11019718715
11019772826
11019773605
11019807514
11019813733
11019841153
11019855846
11019908474
11019984183
11020002574
11020013226
11020027666
11020029766
11020049116
11020074625
11020099255
11020109853
11020133003
11020160326
11020168065
11020178996
11020179525
11020184264
11020188555
11020203723
11020830056
11021917905
11022506454
11022779565
11022935106
11023255925
11023404044
11023441123
11028782974
11030226535
11030288713
11030851866
11031550444
11034948215
11034956465
11035213936
11035338045
11035516713
10999087824
10999098125
10999371873
10999604676
11000291235
11000389014
11000409134
11000542555
11000579096
11002039386
11008698474
11008772914
11009048495
11009090075
11009130006
11009131415
11009140626
11009230076
11009388405
11009396443
11009432366
11009613133
11009656985
11009737323
11010047276
11010163303
11010501806
11010710574
11010713956
11010836695
11010886325
11010987916
11016254404
11019812264
11019871054
11020004005
11020034245
11020051093
11020207303
11020231963
11020260986
11020328833
11021710243
11022417945
11022920115
11023094925
11024263365
11028176225
11028236206
11028265185
11028460635
11028593974
11028679853
11028708884
11028737403
11028801076
11028847994
11028979896
11029199596
11029420693
11029534536
11029611635
11029630644
11029740646
11034627426
11035286285
11035467643
10997852485
10998850726
10998892165
10998924675
10998989845
10998995904
10999035995
10999044686
10999087725
10999116815
10999122194
10999152133
10999170926
10999170926
10999203704
10999327254
11000461075
11000496883
11000529743
11001097005
11001906633
11002248086
11002419106
11003386925
11003437845
11003457115
11003490695
11003512324
11003520986
11003525754
11003525816
11003562656
11003584536
11003603756
11003619513
11003723333
11006455075
11007972865
11008095686
11008101735
11008258194
11008297836
11008308734
11008317696
11010009693
11010085315
11010826446
11012030285
11012222985
11015279045
11015491085
11015538324
11015722414
11015948963
11015975215
11016297454
11016539964
11016558515
11016596973
11016876763
11029972674
11030003966
11030106756
11030138726
11030146636
11030291763
11030310944
11030339745
11030441456
11030491926
11030650745
11030674446
11032469444
10999390043
10999810255
11002060845
11002064535
11002311866
11002423153
11002464355
11002464533
11002477706
11002494746
11002505323
11002547824
11006115723
11006183026
11006357364
11007345816
11012328136
11015025413
11016370193
11019636896
11019763284
11019788746
11019822136
11019844926
11019886284
11019937566
11019966914
11020107233
11020149863
11020244944
11020290666
11021534355
11022073894
11022098893
11022180125
11022282375
11022305126
11022772004
11022858893
11022949785
11023049095
11023101574
11023177784
11023197505
11023200585
11023200795
11030069955
11030406446
11030428003
11030509655
11030733065
11030941563
11031273225
11031717276
11032490604
11034099036
11171284844
11173120984
11173120984
10997722225
10998149405
10998155596
10998279614
10998527296
10998737294
10998842244
10998899925
10998908494
10998989666
10999190064
10999775046
11001612473
11001943546
11002072613
11002214955
11002288453
11002300053
11002337864
11002347955
11002606854
11002673933
11002802193
11002842166
11003074964
11005170146
11005336845
11005424485
11005606314
11005634264
11007152175
11007388583
11007407834
11008066755
11008180994
11008328924
11011441844
11016144483
11016767073
11018969225
11020007074
11021399683
11021928666
11023057105
11029630245
11029834484
10997909824
10997915616
10998033976
10998050065
10998062003
10998073696
10998096963
10998221844
10998417565
10998523904
10998542003
10998953145
10999349145
11000648293
11000663284
11000698446
11001517406
11002137094
11002313224
11002327184
11002599456
11003303976
11003468994
11005322445
11005459696
11006233574
11006456444
11006974216
11007005416
11007058884
11007535713
11008096764
11008127986
11008198415
11008325126
11008724165
11009577524
11009693145
11010234336
11011204426
11011725445
11014511864
11014922044
11014945214
11015305284
11015739086
11015896176
11016074984
11016645593
11016843313
11016914933
11017801266
11017822645
11018782275
11019641214
11019689954
11020363144
11020754344
11021161073
11021249654
11021487106
11022655686
11023195994
11023466104
11023549033
11023715656
11028642665
11030119084
11030168876
11031034476
11033575515
10997705894
10998814995
10999177965
10999223614
10999223614
10999776594
11001117916
11002249855
11002486273
11003458875
11003617505
11003654113
11003690596
11006469296
11006542045
11006645023
11008375715
11008872153
11009670695
11009716405
11010339183
11010915944
11010923345
11011113506
11011246646
11011258305
11011340514
11011417164
11011521206
11011635794
11012022433
11014871985
11014945265
11015359884
11015375423
11015909216
11016275066
11016807576
11018569154
11019766156
11020152175
11021237194
11021369423
11021643725
11027946125
11029993516
11030371316
11030660855
11030826605
11030851044
11032221904
11033503944
10997388334
10997439943
11001929636
11002371613
11002386113
11003722354
11004085066
11006705383
11010655104
11010747865
11019610516
11019743733
11019770293
11019770293
11019798114
11019804255
11019930535
11019944716
11020006456
11020052073
11020156395
11020164903
11020169653
11020176775
11020207454
11020249254
11020336763
11020354714
11020443963
11020526643
11020626425
11020731463
11020949405
11021166203
10997763183
10997977533
10999365215
10999379776
10999405224
10999850784
11001910875
11002032774
11002245573
11003293205
11003551024
11005461645
11006376545
11006905665
11006906685
11007061946
11007152473
11008614316
11008823046
11009169994
11009652615
11011387973
11011426584
11011534176
11011774343
11011802596
11011864276
11012061713
11012070526
11014559446
11015281466
11015466185
11015604356
11016519253
11018468755
11019498895
11019685034
11019727143
11019785253
11019841236
11019851865
11019920283
11019934486
11019972925
11019973783
11019990085
11020018903
11020066734
11020102554
11020161704
11020184743
11020408023
11021053183
11021091784
11021102196
11021225783
11021573583
11022000356
11022085963
11022213976
11022328983
11022620145
11022787926
11022909603
11022994524
11023041064
11023092684
11023144426
11023621694
11023751623
11023900623
11023903744
11023909965
11025064883
11025267263
11028210044
11028217735
11028227106
11028270056
11028968224
11029375576
11029494153
11029999995
11030799064
11031101656
11032744726
11033629604
11034352615
11034460874
11034625355
11034808233
11035001385
11035283313
11035529086
11172770045
10999832746
11001297854
11004184233
11005382815
11005383345
11005386385
11005411556
11005438625
11005455315
11005490224
11005507274
11005523824
11005532366
11005545103
11005560264
11005561256
11005562876
11005567644
11005608034
11005609534
11005615554
11005645494
11005695243
11005697543
11005724533
11006227203
11007077074
11007424136
11009829723
11011764175
11014842865
11017171334
11021627676
11029319953
11030589505
10998800335
10998815626
10999131883
10999179515
10999279014
10999337173
10999366333
10999567666
10999624124
10999649434
10999690673
10999817606
10999818916
10999986303
11000014133
11001049105
11002397455
11002464755
11002495796
11002528865
11002571584
11002586564
11002614495
11002669616
11002677466
11002690003
11002711334
11002733756
11002742444
11002743314
11002811024
11003435353
11003626003
11005293486
11006017326
11006040066
11006080696
11006081453
11006121403
11006168005
11006299194
11006327533
11006357063
11006393153
11007356703
11007565963
11008093914
11008114714
11008585254
11011751663
11014971953
11015200703
11015583976
11019555566
11019589646
11019830146
11019904355
11019943374
11019996415
11020174674
11020337833
11020709603
11021061326
11021090986
11021272996
11021316144
11021467826
11021481945
11021523993
11021628274
11021813903
11021823664
11022580154
11022916024
11023723553
11023906584
11030682093
11031301796
11031737693
11031841644
11032044186
11032086933
11032132613
11032366643
11032523826
11032571623
11032586233
11032806543
11032984144
11033261395
11033283874
11033558744
11033642445
11033709784
11033835673
11034041306
11034362925
11034719853
11173129263
10997703175
10997768473
10997880086
10997955836
10998065016
10998108633
10999068824
10999251296
11000662703
11001144525
11002206505
11002432254
11002775774
11002780014
11003417813
11003767733
11005452735
11005712893
11007000013
11007012975
11007236493
11008086034
11009146954
11011174336
11011189814
11011480424
11011811933
11015735853
11016459996
11016736784
11017492045
11018386354
11021336864
11023267776
11023322193
11023454254
11028169933
11029051844
11030932115
11030932984
11170532055
10999292024
10999601903
11001141774
11005840763
11006491244
11008350123
11008658416
11009040603
11009207916
11009467624
11009901473
11011154533
11015998343
11016094174
11016142483
11019857753
11022973726
11023358455
11023464136
11023604435
11023730926
11023818874
11023822026
11023926213
11023960125
11024057625
11024126074
11024202484
11024206374
11024214905
11024250663
11024343674
11024365515
11024519615
11024530383
11024600764
11024688405
11024757144
11024795895
11024821086
11024847885
11024851215
11024889625
11024928015
11025127775
11025458076
11027925515
11028618393
11028929284
11030005285
11170405293
11170457776
11173156645
11304026944
10999731184
11003285714
11003360083
11003408585
11003479986
11003586053
11003593214
11005479405
11005650523
11008590885
11009881005
11010025046
11010957095
11010998116
11011235816
11011303373
11011638465
11011907586
11013886866
11013895604
11014761696
11014810844
11015228106
11015402776
11015451124
11015550764
11015576134
11016199096
11016469686
11016510354
11016771874
11016833326
11016905574
11016951254
11017904834
11018034934
11018544854
11018594233
11018677393
11018876504
11018884295
11018994173
11019068594
11019221924
11019319404
11019501723
11019532015
11019712234
11019930283
11019953545
11020019556
11020115563
11020152954
11020197433
11020213496
11020239244
11020305696
11020410843
11020748306
11021110196
11022857675
11023046765
11023730425
11023795905
11023953713
11025840153
11028146245
11028289646
11028362606
11028421026
11028885095
11029519346
11029758863
11030481015
11171632966
11173200813
10997636683
10997937303
10998013856
10999116955
10999150935
10999261073
10999350733
10999940413
11001332543
11002011846
11002055945
11003568203
11003581135
11003636433
11003659633
11003692824
11003836815
11005563264
11006184434
11007093335
11010035516
11011958004
11015481725
11015503744
11015862026
11016488594
11019527335
11019758243
11019775954
11020219393
11020459006
11020621974
11021156775
11021194053
11021264814
11021471086
11022513793
11022913363
11023850374
11027945596
11028450005
11028466524
11029042685
11029209354
11029716604
11029948713
11031411803
11035203253
10998995655
10999012995
10999158413
10999161796
10999257465
10999401864
10999420165
10999438903
10999483194
10999586965
11000233835
11001068635
11001132215
11001285883
11001313173
11001679703
11001988275
11002056445
11002132836
11002252174
11002501483
11003638356
11003664973
11005573113
11005632564
11005986085
11006055226
11006100044
11006181016
11006293506
11007215293
11009340315
11011062654
11011100613
11011219475
11011284203
11011344605
11011504493
11011531954
11011631124
11011785015
11011851053
11011873584
11012018684
11014273424
11014575724
11015255134
11015396696
11016297124
11017370734
11017443854
11018520446
11019691426
11019722696
11019932674
11019934813
11020191605
11020195783
11020231034
11020335286
11020377956
11020542585
11021401003
11021857315
11022252484
11022277604
11023097005
11024774896
11029247455
11029943665
11035224945
11170675605
10997912534
10997935206
10997983124
10999208645
10999262275
10999281205
10999288745
10999295406
10999307755
10999329925
10999331945
10999345085
10999351234
10999355054
10999367196
10999392334
10999393554
10999396546
10999398345
10999406114
10999406313
10999410145
10999416543
10999416753
10999429864
10999455103
10999459874
10999473763
10999476896
10999484796
10999491946
10999493883
10999502334
10999506483
10999509453
10999532184
10999562183
10999566683
10999579903
10999617643
10999619703
11001163996
11001972455
11002320736
11002434114
11002466004
11002476794
11002528063
11003422465
11003508786
11006568586
11011096636
11013830264
11015034004
11016478404
11018759673
11019570385
11019751014
11019899075
11020006073
11020122396
11020431735
11021468695
11022052794
11024327285
11028043765
11028690714
11028948774
11030818363
11030868495
11031240304
11031268453
11034560865
11035051136
11035189456
10998269973
10998950476
10998995753
10999048176
10999157126
10999856623
11002100734
11002145555
11002661684
11003549574
11005490965
11007335513
11009480015
11011157886
11011609573
11012000183
11014472505
11015738574
11015880476
11016196224
11016253055
11017043873
11018576765
11019907636
11020455455
11021055324
11021693343
11021795945
11021876784
11022840045
11023148946
11023445956
11028384174
11029443135
11031482076
11034300296
10999671843
11000215225
11000406414
11000428434
11000624586
11000813963
11005267645
11006105155
11006137575
11006179145
11009892824
11010245513
11010518055
11011399025
11011847975
11012236665
11012686243
11014849754
11020761504
11021961506
11023588945
11023797766
11023908364
11023948613
11024079634
11024267795
11024268066
11024478754
11024638316
11024769944
11024822076
11027641844
11028689004
11029163034
11029262255
11030973284
11031419455
11031495253
11034280886
11170576865
10999105536
10999164935
10999199213
11002224013
11003234225
11005622634
11005656263
11008020865
11008141644
11008197405
11008640983
11010059324
11010158354
11010525585
11011169276
11014769426
11014843104
11015996573
11016740923
11018977734
11019001394
11019194464
11019986074
11020177205
11020246925
11020277823
11020774326
11021492353
11021829063
11022719553
11022827065
11022885293
11023052984
11023441356
11023625185
11023638444
11023966686
11023986996
11029483023
11029577815
11030000514
11030408256
11030465993
11030634216
11031845344
11032197426
11032825413
11033719576
11034047745
11173078126
10999304626
10999366995
10999548906
11001497255
11003362935
11003447044
11005152015
11005154235
11006535563
11008071115
11008153876
11008505195
11008790986
11009217755
11009460735
11011925096
11011928634
11016868504
11019711834
11020428615
11020624866
11020724476
11021144814
11021514695
11021550994
11022638986
11022650884
10999349254
10999486326
11002016994
11002227144
11002430236
11003328574
11004232616
11005398505
11005890285
11006087414
11008836066
11008938294
11008979266
11009141563
11009687734
11009703733
11010911285
11011178565
11011245833
11011253075
11011261204
11011288735
11011335815
11011362076
11011490205
11011553616
11011602046
11011673456
11011978793
11014487576
11014511005
11014523536
11014579924
11014741313
11014872353
11014875655
11014901613
11015063084
11015078553
11015142224
11015145366
11015160184
11015172513
11015201616
11015210583
11015229906
11015292914
11015332696
11015363824
11015437423
11015871966
11016054934
11016582235
11018490686
11018996425
11020058504
11020152616
11020284693
11020323336
11020726653
11021073895
11021491964
11021640664
11021651994
11022179784
11022416304
11022446754
11022823035
11022867715
11022879953
11023421546
11023619186
11023710674
11023749336
11028212356
11028649466
11029251166
11029260774
11029765224
11031188595
11034158996
11034663746
11034931045
11035032646
11035286074
10999528685
10999556636
10999566875
10999583975
10999589156
10999593476
10999661153
10999665916
10999687836
10999689944
10999692303
10999724223
10999748606
10999767053
10999791205
10999792935
10999799973
10999808545
10999815125
10999820175
10999839394
10999845803
10999895203
10999923854
11000073583
11000233015
11000416536
11000431383
11000471466
11000576834
11000697786
11002982074
11003382514
11003420013
11006094036
11006387344
11008939495
11008985034
11016294513
11016474243
11017023264
11018528804
11020631496
10997241134
10998032975
10998104846
10998274415
10998431375
10998561665
10998582003
10998708333
10998783523
10998857294
10999280944
10999802483
10999965164
11001802356
11001833545
11002061115
11002126666
11002160034
11002260664
11002732395
11002748225
11002810233
11002848015
11002895173
11002913395
11002946764
11003579733
11004175024
11005420176
11006224766
11006225383
11006483704
11007087606
11007114574
11007123516
11007149944
11007189114
11007199475
11007544953
11008144763
11008300893
11008409853
11010261256
11010962736
11015173023
11017086063
11018216896
11019841064
11021743126
11022274655
11030714885
11032051605
11032401063
10997557086
10998766365
10998842816
10998885266
10998915765
10998976324
10998983206
10998988025
10999107434
10999129353
10999186174
10999190794
10999240563
10999266663
10999311314
10999315086
10999341753
10999394503
10999494903
10999520074
11000561985
11001125056
11001671993
11001919826
11002042676
11002073395
11002079825
11002092266
11002099695
11002127145
11002182706
11002202043
11002307973
11002331764
11002335054
11002371254
11002455336
11002643453
11003076594
11003353605
11003447496
11003467665
11003539855
11003550066
11003553955
11003616815
11003716143
11005436385
11005597446
11006076514
11008557133
11011905676
11012020423
11014512864
11015133453
11018899066
11020402593
11020513095
11020513095
11020595383
11021472456
11021551695
11021613975
11021741985
11021814183
11022099666
11022174244
11023246104
11028356845
11028944824
11029323095
11029363344
11029796866
11030531165
11031402585
11034195646
10998743495
11002457865
11002761664
11002785734
11002790384
11003298993
11003648734
11005414635
11005448865
11005464676
11005505966
11005534596
11005570514
11005630754
11005709743
11005873505
11006038646
11006057826
11006109725
11006203863
11006230354
11006292014
11006347973
11006383283
11006457153
11008804625
11011759035
11011983936
11019210483
11019892945
11020003093
11021203636
11021240414
11021437845
11024873325
11025024336
11031773485
11033747134
11034001634
11034227296
11034595683
10998818756
10998953226
10998962814
10999084186
11002523534
11003586315
11003618826
11003650386
11003747233
11006309124
11008258385
11008266963
11009895594
11011495183
11015351445
11015515543
11016018714
11016108214
11016280655
11016366503
11016964195
11019027266
11019456076
11022252775
11023822733
11025331705
11028915184
11029363583
11030305885
11032368914
11033368395
11033572115
11173212484
10997941146
10997952245
10998090503
10998726474
11002070495
11002277583
11002351013
11002566236
11002722506
11005546384
11006361346
11006963815
11006988445
11007281823
11008370516
11014758135
11014848363
11016455116
11019693535
11020100604
11028534756
11029670804
11030111593
11030607826
10999664323
10999807656
11002344333
11003280504
11003536844
11003583466
11005555403
11006074456
11006393264
11007053494
11007126384
11011023396
11011402874
11014606834
11014702906
11014904915
11014992915
11015434366
11016828024
11016875173
11019114233
11019140215
11019964295
11020005974
11020103043
11020270446
11022907675
11023899906
11024049536
11024114953
11029163636
11029418035
11029957053
11031273313
11034990625
11035194753
11035239605
11007191474
11008581165
11008744814
11008820763
11008826254
11008947764
11009506986
11009593384
11009622785
11009665723
11009727234
11009878573
11009892563
11011622764
11011631956
11011754195
11018536405
11018658003
11018757745
11018860515
11019284083
11020520093
11023249834
11023553534
10999394466
11000538154
11002285386
11002520704
11004144754
11005162935
11007147734
11007189305
11011896633
11014854304
11015666563
11015811585
11017155524
11018104113
11019663104
11021239193
11023598813
11029338806
11030044384
11031076854
11032251344
11033034384
11034762006
10999014644
10999722796
10999856175
11000329106
11000330225
11000411833
11000420476
11000535656
11000608765
11000706663
11000793534
11000835283
11004887244
11007080924
11007167074
11007180163
11009717474
11012644506
11014865466
11015189815
11015533283
11017073693
11018624293
11019357974
11019799193
11020321114
11023586184
11023594624
11034395573
11034512663
11035233544
11002194104
11011030605
11011613416
11016615123
11017290883
11019612915
11020183914
11020227076
11020301423
11020305143
11021775503
11022532245
11022633716
11023085263
11023337956
11023522276
11024771283
11028451656
10997975994
10998060364
10999557676
10999579364
10999694784
10999696626
10999715676
10999756186
10999796103
10999825373
10999825373
10999830125
10999830125
10999909216
10999938054
11000028773
11003805615
11003871445
11011365253
11014591834
11015197865
11008691895
11008711556
11019594555
11019705814
11019763156
11019779835
11019808624
11019834295
11019971746
11020077383
11020238806
11020342494
11020988623
11022096755
11022128593
11022243793
11022549046
11029559145
11002235974
11002317883
11004203183
11006955383
11020377256
11020499385
11020726244
11020989876
11021562985
11023661956
11025032356
11029992566
11030737235
11030834773
11153043394
11304095203
11035604944
11036229695
11037053666
11037477404
11037829004
11038056555
11038527044
11038636173
11038790464
11038858305
11039353726
11039385796
11039516495
11041491836
11042192023
11042807216
11043293664
11043326125
11044172553
11047779876
11047805786
11048142763
11048956365
11049448776
11049805193
11050087544
11050576986
11050801924
11050823746
11051017375
11051518706
11051558553
11051830604
11052716675
11052942476
11053092756
11053245084
11057195545
11057502814
11057883716
11057909854
11058722814
11059342754
11060924754
11061004446
11061239543
11062140453
11062596333
11062836435
11063726076
11064051815
11064121645
11064364615
11064392824
11064476954
11064645653
11064664526
11064745094
11064824294
11064926023
11065150413
11065360783
11065797906
11066503596
11067036394
11067231125
11068337356
11068534013
11069410825
11069618425
11070211395
11075066874
11076411163
11083699344
11084277194
11084424734
11085204066
11085245885
11085444724
11085672003
11085683055
11085692225
11085863523
11086662306
11089378215
11090941025
11091170064
11091329615
11091353424
11091403253
11091445913
11091556283
11091731583
11091799146
11092194833
11092386963
11092668083
11093028086
11093044953
11093287564
11093318965
11093403633
11096677674
11035670414
11036535804
11036645773
11036797434
11037052485
11037072513
11037189423
11092668083
11093028086
11093044953
11093044953
11093287564
11093318965
11093403633
11096677674
11035670414
11036535804
11036645773
11036797434
11037052485
11037072513
11037189423
11038898176
11047552844
11047664116
11048470083
11050176193
11050310893
11053745964
11056225365
11058358284
11061900235
11061920416
11062240615
11063407886
11063529793
11063684093
11063746376
11063764926
11063838264
11063898926
11064045794
11064245774
11064304584
11064311383
11064314683
11064464203
11064673283
11064701073
11064766986
11064852254
11064853533
11064871955
11064903684
11064918334
11064998016
11065118705
11065317813
11065529663
11065577743
11066264624
11066355783
11066462903
11066517885
11066678155
11066787353
11066984424
11067258824
11067696993
11067779865
11067990183
11068028863
11069375816
11074936544
11084445814
11084550083
11085204804
11085690173
11085933225
11086226555
11086277696
11086416346
11086486504
11086640783
11086835094
11087436454
11087579084
11087804993
11087856976
11087932946
11090887405
11091123844
11091151806
11091260044
11091354956
11091431955
11091458404
11091566894
11091724895
11091731075
11091772823
11091859356
11091863926
11091921345
11091947035
11092009574
11092248964
11092359506
11092407105
11092502296
11092608393
11092822444
11092839245
11092844935
11092932533
11092954944
11092961375
11092999684
11093012474
11093171075
11093176024
11093239774
11093271066
11093331176
11093332473
11093338755
11093441664
11038051963
11038458936
11038599265
11038742315
11038984144
11039112055
11039626293
11040045056
11040115693
11049636106
11055592106
11056648643
11062398493
11062442365
11062962193
11063485635
11063495174
11063598684
11064468366
11064827736
11064845776
11065258473
11065270723
11066572683
11067068995
11067314426
11068823505
11069564083
11084221164
11084297466
11084370243
11084544413
11084564416
11084595583
11084620245
11084708135
11084793593
11084797724
11084805564
11084871966
11085036845
11085040116
11085115806
11085117043
11085132353
11085171006
11085194836
11085424694
11085597133
11085668415
11085700835
11085700835
11085700835
11085802564
11085901693
11086029206
11086212166
11086234796
11086255144
11086426736
11086464094
11086694854
11086703286
11086840003
11086939946
11087055186
11087094226
11087122763
11087272953
11087297065
11087381466
11087417516
11087618665
11087845163
11087893546
11087936866
11090931393
11092155326
11092403546
11092837785
11036655283
11039117924
11039195194
11042995084
11043688946
11043804046
11043860146
11044049523
11044456314
11044671934
11044679026
11044738665
11044808103
11044887803
11044903274
11047872515
11049302903
11049432056
11053989985
11056814793
11056951714
11057660135
11057948106
11058245043
11058289476
11058333755
11058887603
11060494163
11060700046
11061096666
11061489805
11061500795
11061643983
11061662364
11061701314
11061710173
11061944586
11062044783
11062060875
11062148105
11062276673
11062373845
11062412916
11062557934
11062615214
11062818575
11062857225
11062924806
11062961983
11062990406
11063011713
11063276355
11063337526
11063423666
11063585215
11064031543
11064093535
11064207155
11064427105
11064609615
11064810165
11065091435
11065107403
11065190803
11065377385
11065472934
11065480163
11065743394
11065774166
11066023903
11066053445
11066122356
11066575426
11066629306
11066793455
11066814295
11066907365
11067034674
11067091224
11067099633
11067105945
11067153345
11067226613
11067238314
11067277216
11067398503
11067523295
11067658236
11067693733
11067701005
11067783853
11067839873
11068152196
11068233325
11068842125
11068995754
11069354785
11069461514
11069462093
11069839893
11074405493
11081923933
11085486326
11085641065
11086093844
11086640805
11087591136
11087654535
11087771353
11090554785
11090774826
11090809245
11090973393
11091279893
11091459965
11091508945
11091720143
11091883956
11092007793
11092142146
11092159736
11092506343
11092693095
11092763614
11092788645
11092794363
11092937695
11093032646
11093249943
11093272203
11093364285
11094186845
11094869783
11035564215
11035665406
11035816173
11035891226
11036112236
11036373046
11036566495
11037160804
11037323996
11042816226
11042882405
11042936985
11042941754
11043078506
11043171763
11043173604
11043192445
11043323636
11043468784
11043483283
11043722623
11043753713
11043804306
11043813113
11043861683
11043913134
11044000935
11044097854
11044123904
11044139645
11044167844
11044191614
11044236333
11044259994
11044310974
11044454214
11044516274
11044561996
11044764256
11044820656
11044876473
11045011763
11047829434
11048065204
11048065315
11048135314
11048426553
11048785883
11049292836
11049480286
11049586454
11049793845
11050200666
11050584075
11051001004
11054677814
11054937156
11055423045
11056354385
11056909785
11057328926
11058400575
11061672295
11062493863
11063185526
11063410176
11063460043
11063680855
11064078253
11064292424
11064299776
11064442353
11064629695
11064636145
11064652756
11064718575
11064739313
11064759236
11064862304
11064866774
11064946515
11065321866
11065330385
11065392605
11065421594
11065956705
11065993246
11066331635
11066419744
11066593514
11067404126
11067480893
11067865874
11068119595
11068716653
11068879154
11069499094
11071194945
11071469533
11073014404
11084582163
11084677214
11086769993
11087669346
11087745955
11087763723
11089778413
11090813535
11090967184
11091072026
11091304613
11091320393
11091711883
11092396556
11092651813
11092666014
11093053396
11097235833
11035938585
11037279246
11037726035
11040144996
11041596434
11041885816
11042591253
11043232294
11044556895
11044875734
11049840886
11050065965
11050150256
11050362134
11050891185
11057584526
11058049315
11058372843
11065201775
11065618825
11065623626
11065739734
11066506904
11066749856
11067179573
11067675606
11067830165
11068156243
11068175705
11068377964
11068690854
11068811836
11068952045
11069645293
11069809396
11070857294
11076124214
11090837674
11090944385
11091125723
11093295885
11093341846
11095657154
11095771566
11096043034
11097698444
11036038055
11036054725
11036216306
11036603984
11036848774
11036991095
11036991353
11037129255
11037205994
11037583156
11038305734
11038786835
11038882914
11039331813
11040427724
11042817926
11042952565
11043055106
11043068636
11043081086
11043214753
11043251446
11043414395
11043867125
11043920006
11044405353
11044744043
11044778334
11046929655
11047902043
11048220565
11048543635
11048715546
11048829995
11049331645
11049401984
11049897276
11050108206
11050418096
11053505876
11053756084
11054538943
11054928545
11055520803
11055937065
11056034134
11056429236
11056581105
11056669953
11056702924
11056772384
11056900066
11056959735
11056965776
11056986544
11057024986
11057147056
11057226973
11057407046
11057514124
11057594615
11057612186
11057664124
11057703794
11057731553
11057818273
11057895875
11058121106
11058157284
11058325694
11058332564
11058428166
11058439793
11058456603
11058873445
11059221836
11060089305
11060723785
11061396365
11061433785
11061589895
11061615113
11061700843
11061741946
11062010096
11062094985
11062300716
11062668766
11062941885
11062964015
11063040203
11063056525
11063216195
11063318526
11063349766
11063419374
11063425123
11063480284
11063530276
11063534575
11063543713
11063588365
11063589533
11063599804
11063615004
11063776625
11063872984
11063917904
11064069523
11064258776
11064332653
11064389374
11064452086
11064514493
11064661286
11064723946
11064784044
11064790053
11064876006
11064903404
11064952115
11064955106
11065032395
11065105745
11065151424
11065233023
11065307915
11065475874
11065500086
11065849766
11065903526
11065971826
11066020173
11066118403
11066155234
11066173875
11066190583
11066238594
11066456946
11066457505
11066490265
11066602823
11066609453
11066905665
11067225453
11067392434
11067475993
11067508205
11067561546
11067595873
11067665134
11067811606
11067851844
11068078476
11068120644
11068339934
11068366374
11069016366
11069570453
11076400996
11084382665
11084994776
11085734676
11085863384
11086644356
11086741613
11087081423
11087937894
11090740495
11090913156
11090945983
11090972654
11091128525
11091146356
11091347946
11091648096
11092301736
11092368585
11092691936
11092782144
11093077533
11093097316
11093159494
11094435294
11035994003
11036089023
11036529465
11043224246
11043535104
11044035203
11044310053
11044689013
11044847243
11047696066
11048033775
11049267586
11049527154
11049638723
11049638723
11050487446
11058084514
11061662536
11062666325
11064743714
11064841004
11065142653
11065451233
11065755344
11065784914
11068163353
11084186945
11084262056
11084411825
11084452264
11084592646
11084602364
11084631035
11084786934
11084809284
11084856924
11085005265
11085244584
11085349045
11085614454
11085678884
11085693296
11085711536
11085850004
11085873274
11085886645
11085917136
11086079403
11086214125
11086327686
11086360145
11086457903
11086532643
11086625523
11086626733
11086648474
11086792153
11086849233
11086874545
11086905516
11087102644
11087231564
11087315824
11087397726
11087408664
11087472873
11087486184
11087506525
11087554283
11087591476
11087699645
11087706994
11087709535
11087880163
11092110263
11092613013
11037565154
11038539535
11039173766
11042736115
11043091264
11043117996
11043156156
11043185506
11043747103
11044075534
11044817775
11044884624
11047419545
11047602346
11047999854
11048964866
11048981014
11049655134
11050280535
11051119236
11053624644
11053911486
11054339246
11055383395
11055847644
11057180474
11057293564
11058039226
11058147624
11058385564
11058476713
11058603156
11058965344
11061286625
11061528335
11061898825
11061941813
11062355046
11063030733
11063051174
11063252146
11063430276
11063788114
11064140916
11064337965
11064559485
11064904616
11065040615
11065226336
11065345913
11065457684
11065778653
11065820743
11065822464
11065841765
11066037973
11066203276
11066607025
11066716626
11066779526
11068144413
11068234186
11069840424
11070252863
11075011605
11084839326
11085097765
11085236514
11085330264
11086161795
11086360693
11086446786
11086801784
11086913195
11086925825
11086982676
11087048014
11087428096
11091024334
11091160016
11091211935
11091323066
11091364403
11091696533
11091746593
11091779324
11091800734
11091882746
11092094125
11092153934
11092180285
11092421245
11092865034
11092919763
11093038975
11093050956
11093513546
11036734363
11037219904
11037848965
11038828805
11039094333
11040019136
11040388073
11040584516
11042955353
11043088484
11043129844
11043472104
11043920416
11044378236
11044459164
11044835714
11048649846
11049632384
11050123513
11050271933
11050832343
11050910164
11055754955
11056785834
11059007574
11059327376
11061775596
11062877475
11063123853
11063214283
11063311676
11063739805
11063816945
11064608716
11064891345
11065046614
11065063443
11066236513
11066844393
11067713933
11068410914
11069893966
11070044404
11086313675
11087360573
11087406136
11092929906
11093343133
11093439094
11036027174
11037334545
11038252444
11038717915
11039441663
11039791574
11040504963
11041773824
11042751763
11043610155
11044012806
11044311974
11048315805
11051091043
11052272526
11052829226
11054645935
11056080255
11057332645
11057519615
11057831024
11058716363
11060003823
11060713433
11061503735
11061760246
11062237225
11062376385
11062639475
11064251936
11064308273
11064387766
11064595914
11064640473
11064828366
11064947116
11065055396
11065202624
11065400324
11065493626
11065493626
11065521795
11065675964
11066056074
11066064336
11066580385
11066688185
11066764576
11066835216
11067461265
11067946474
11068600415
11069307206
11070105814
11075260666
11076340875
11084256925
11086792933
11087058055
11088958416
11090340675
11090884304
11091049736
11091407246
11091791224
11091841255
11092334673
11092409934
11092698474
11092854996
11093333794
11093418683
11096280386
11036189104
11036299443
11036599644
11037021673
11037205164
11037440496
11037479255
11037672236
11037784833
11038346573
11038509456
11039838753
11039857585
11049358585
11049799924
11050315856
11050770015
11050923995
11051342814
11052567935
11053273306
11054654045
11056156185
11057130276
11057772816
11057781973
11058618614
11059000484
11061673453
11062148243
11062352265
11062700295
11063787965
11064374133
11064593634
11065108583
11065148456
11065245633
11065405706
11065463716
11065522415
11065983475
11066195675
11066310804
11066717433
11066868355
11067265133
11067858703
11072024506
11073625334
11084479035
11084793554
11085173033
11085194826
11085500533
11086419095
11087451376
11087611433
11087855386
11088157544
11090335664
11090890986
11090900996
11091016736
11091960866
11092218133
11092371565
11092429666
11093151724
11093326194
11036020753
11036086933
11036210144
11037411286
11037483905
11037524444
11038180195
11039320865
11039719454
11039876836
11039912763
11042958653
11044380293
11046801064
11047155603
11047674654
11047944164
11048407415
11048889234
11049078684
11050844553
11051072496
11051076655
11054697354
11055286834
11056208395
11056601205
11057528214
11057598836
11057768364
11058197375
11059708455
11060754814
11060978745
11060980366
11061804306
11062638735
11063405916
11063474875
11063545736
11063955874
11064068735
11064086604
11064335365
11064506483
11064516334
11064603356
11064689066
11064932524
11065235125
11065250425
11065273174
11065295905
11065711943
11067121035
11067607223
11067886905
11069679745
11069752136
11070235225
11070572403
11070595675
11070608234
11073576384
11075802996
11075810425
11075989545
11076071925
11076588296
11076665796
11076827906
11077853635
11083191375
11084559276
11084791613
11085018255
11085020165
11085151353
11085287445
11085346463
11085425296
11085685013
11085751695
11086016636
11086877063
11087168074
11087250835
11087639274
11087774885
11089243614
11089537044
11090790584
11090827556
11090967444
11090970716
11091336186
11091417875
11091448176
11091572714
11091949623
11091983695
11092061026
11092159853
11092347606
11092421285
11092443584
11092481615
11092499283
11092531983
11092571274
11092622164
11092669965
11092722176
11092920894
11092945585
11092947124
11092977154
11093098464
11093487104
11036351526
11037214054
11037627804
11037921835
11038857456
11044288046
11044718736
11048000426
11048220773
11049823213
11050406566
11053276745
11057178106
11057393556
11057600306
11058039024
11059003934
11059259446
11061427453
11061596073
11061680084
11061813454
11061967845
11062000934
11062254686
11062254686
11062492123
11064617594
11065294175
11065445043
11067581856
11067678615
11070736164
11085639485
11087762203
11090604273
11091068706
11091379254
11091489363
11092184194
11092251614
11092867685
11093354174
11096669063
11035901016
11036716774
11038476246
11039798546
11040004003
11040179463
11040213416
11043181395
11043493735
11044045354
11044358155
11044918056
11047827554
11048245396
11048512145
11048537824
11049604103
11049704755
11049761124
11050237175
11050343353
11051055293
11051249096
11052324554
11054291016
11054365645
11056643843
11057778943
11057852084
11057853125
11058326613
11058607656
11058945234
11058986506
11059482204
11059496863
11059710756
11062123686
11062297375
11063746494
11064111084
11064174825
11064200715
11064292075
11064300404
11064476316
11064494903
11064503045
11064849335
11064904654
11065044126
11065272413
11065282455
11065293654
11065439704
11065462863
11065532834
11066228035
11067837724
11068880576
11069654136
11069654136
11069956613
11071584793
11075010456
11075560096
11084226826
11091411735
11091713444
11092085936
11092090113
11092131464
11093244595
11097733433
11035597213
11036173393
11038467103
11038860493
11041263194
11042925224
11042989145
11043291356
11043358423
11043387943
11044122825
11044475703
11044732945
11044815523
11044910476
11048558754
11048729555
11052230065
11054031173
11054059713
11056189066
11056923244
11057208133
11057379154
11062112393
11063561623
11063895294
11063931814
11064138494
11064213725
11064356093
11064364344
11064416894
11064505334
11064511573
11064740265
11064804203
11064832394
11064833175
11064854373
11064864635
11064984166
11065046244
11065178965
11065195214
11065275415
11065334515
11065422003
11065453295
11066049325
11066068193
11066309275
11066775474
11067182146
11068145326
11068495355
11068625074
11068908415
11069124824
11069193804
11069222916
11069340595
11069487785
11069609616
11069774546
11069782533
11069940804
11069995224
11070038335
11070139374
11070193394
11070230065
11070286525
11070352295
11070356484
11070460094
11070538325
11070688226
11070772863
11070820926
11070893475
11071003803
11072265166
11074252475
11082448826
11084557926
11084603854
11085631776
11085785563
11086911156
11087064345
11089593323
11090822595
11090876866
11091323916
11091599674
11091786556
11092067816
11092159184
11092238533
11092282124
11093008453
11093209636
11093352446
11093446776
11040128383
11042897265
11043708696
11043853653
11043896115
11044342046
11044470134
11044511964
11044674104
11044894733
11048586663
11048780973
11050887413
11055270996
11057010195
11057212193
11060204475
11062842685
11063352554
11063526304
11064580463
11064806556
11066008553
11066375733
11068327216
11090987343
11091431336
11091671285
11092973416
11093018726
11037489275
11042783806
11042867023
11043452343
11043611655
11043980945
11044005035
11044026246
11044148826
11044177824
11047628024
11047761193
11048864405
11050303574
11056730756
11056762176
11056785934
11056853753
11057145783
11057252476
11057413984
11057469346
11057691634
11057774546
11057798186
11057834375
11057841264
11058159903
11058166226
11058275324
11058380026
11058431386
11058624796
11058698726
11058779865
11058805596
11061399725
11061620715
11061861045
11062017474
11062182775
11062252936
11062309403
11062422545
11062687015
11062791916
11063443145
11063597663
11063909314
11064368053
11064476355
11064665005
11064787833
11065038755
11065136654
11065160293
11065181114
11065325194
11065360044
11067362785
11068052666
11069831163
11086280744
11090788945
11091129576
11091562033
11091769834
11092515754
11092539296
11092824884
11092946705
11093123166
11093525433
11035572993
11035616235
11036130524
11036241173
11036284306
11036289134
11036630484
11036783025
11036977324
11037533275
11037616653
11038519745
11039394555
11040086154
11049793356
11052060514
11055331984
11055426736
11056894174
11057515756
11058060096
11062071185
11062341726
11063058225
11063069423
11063198763
11063305474
11063494955
11063500476
11063582394
11063778336
11063822956
11063966446
11064006924
11064157526
11064217974
11064289385
11064294174
11064380863
11064486295
11064942133
11065589816
11065625874
11065663805
11065667056
11065686493
11065748845
11065899183
11065969864
11066577315
11066689274
11066903173
11067009415
11067111914
11067116956
11067331033
11067391335
11067585954
11067589576
11067589945
11067711046
11067733855
11067749794
11067850763
11067915944
11068181226
11068185766
11068213555
11068275434
11068396785
11068446553
11076238735
11077617193
11081843054
11084436484
11084588504
11084596035
11084814223
11085479616
11085611766
11085633106
11086024505
11086170423
11086462483
11087394296
11087422743
11087801216
11087820565
11089475815
11091260343
11091270226
11091374116
11091431476
11091576345
11091708396
11092061655
11092221025
11092773623
11092986384
11093300533
11094884794
11096093586
11096965096
11097471033
11035840036
11036662875
11036812804
11036812804
11037216824
11037254626
11038532586
11038871396
11039762346
11039830876
11042080586
11043036284
11043055103
11043066006
11043223535
11043270476
11043556773
11043607863
11043638774
11043638774
11043999794
11044033114
11044135535
11044488205
11044491364
11044535823
11044763543
11044822136
11044942263
11045023053
11046568883
11047024066
11047960045
11049215806
11049274626
11049543733
11050569883
11050709736
11051210603
11051742026
11051889915
11053425765
11055492683
11056028425
11056425936
11056446325
11056526953
11057302026
11057476584
11057777475
11058105655
11058111275
11058613424
11058614145
11058721565
11058799546
11058822313
11058964414
11063042925
11063456394
11063712275
11064023453
11064303566
11064399344
11064693773
11064868483
11064899554
11065068343
11065105073
11065141813
11065305494
11065322943
11065373034
11065545053
11065581664
11065585705
11065632453
11065637225
11065642053
11065773364
11065793763
11065811184
11065811825
11065869785
11065917584
11065934476
11065939506
11065953446
11065975175
11066009596
11066014415
11066018974
11066019994
11066063556
11066106593
11066136726
11066144356
11066166794
11066190624
11066200513
11066254194
11066322216
11066333305
11066361365
11066370966
11066452475
11066618155
11066640993
11066662846
11066665023
11066672936
11066699613
11066753276
11066851736
11066892314
11066893635
11066909896
11066926084
11066933325
11067014523
11067072254
11067102693
11067109564
11067146715
11067198696
11067250063
11067416136
11067480664
11067504655
11067553895
11067629285
11067636026
11067688194
11067761866
11067766335
11067781435
11067805836
11067842174
11067910973
11068021685
11068058033
11068133523
11068139616
11068144224
11068179805
11068186103
11068202375
11068227765
11068282123
11068282975
11068321454
11068325816
11068329614
11068759314
11070848413
11071112754
11071364856
11073136054
11075427915
11085150434
11089788176
11090502885
11091177843
11091588005
11091852786
11092019993
11092106044
11092341444
11092502926
11092833084
11092997473
11093011383
11093012144
11093023104
11093086806
11093489764
11093491676
11035637043
11035930293
11039104224
11039976996
11041980764
11042402366
11044973564
11050084646
11051956804
11053412333
11054075914
11054333805
11058463234
11058640915
11063547824
11063824865
11063970144
11063980295
11064611986
11064700906
11064763194
11083954193
11084901134
11085118583
11085331263
11087303463
11088756195
11090414365
11091086654
11091639205
11091701854
11092093265
11092205894
11092217433
11092493096
11092659473
11093248066
11093525876
11095738654
11035557783
11036206695
11036354643
11037696024
11038096124
11038498944
11039003255
11039167024
11039922205
11040889176
11042575095
11042733714
11042883376
11043010693
11043204956
11043602683
11043602683
11043694236
11044128806
11044176864
11044562176
11044943456
11048032864
11048395763
11049424573
11049440076
11049647353
11050110804
11050364234
11050385363
11050615544
11050931135
11053453275
11054091496
11054144464
11054271813
11054332203
11054679543
11055646683
11055801245
11057381506
11057483955
11061490765
11061584044
11061683403
11062316985
11062444903
11062565354
11062686054
11062860146
11062863575
11062879205
11063283453
11063641124
11063736484
11063800486
11064518313
11065057115
11065454555
11065616586
11065666773
11066533205
11066690854
11066804265
11067240694
11067957956
11068029423
11068053713
11069458094
11069928125
11070296323
11070312083
11075442396
11088256064
11090792855
11091162065
11091788175
11092077796
11092432085
11093213824
11093527626
11096311633
11097282944
11097941165
11039696114
11042848785
11044258355
11044371155
11044765866
11047063214
11047276205
11052971326
11056740874
11058435123
11063169903
11064901686
11065050605
11066507825
11075312393
11084434533
11085035015
11085903405
11087930045
11090964124
11091142505
11091331833
11091923846
11092240115
11092312345
11092518906
11092900235
11097291085
11036328334
11036481843
11042947153
11043195015
11043513654
11044665944
11047434545
11047791455
11048144685
11049227236
11052700076
11054499266
11055019074
11056207765
11056571644
11056583786
11056791374
11057298144
11057336676
11059903896
11062565615
11062947735
11063199296
11063234006
11063345553
11063369755
11063519703
11063552695
11063801284
11063847246
11063954583
11063966986
11064099703
11064127026
11064145613
11064287006
11064651655
11064787135
11064856773
11064910136
11064978553
11065007693
11065088333
11065284215
11065609254
11065610913
11065936833
11066371223
11067612005
11067669633
11068175803
11068198863
11068200444
11068537164
11084340244
11084987866
11085737235
11087622074
11087780675
11087843914
11088555104
11091407154
11091458475
11092069173
11092834574
11036857444
11038425845
11038723024
11038922873
11040068543
11041235486
11041748525
11042215335
11043669324
11044096254
11044614113
11044663853
11044734976
11047940516
11048508336
11054165603
11054374254
11060587095
11063091634
11063587523
11064057034
11065040253
11065072384
11065094524
11065583463
11066005623
11067078975
11068174045
11070618515
11074489624
11090569085
11090771986
11091407135
11093106804
11093499016
11039547235
11040163805
11041968635
11042493866
11043540075
11044287353
11055132203
11055933016
11056348295
11056680904
11057931483
11058333866
11059817393
11063080586
11063521204
11063586926
11063640633
11065285264
11067189015
11074744414
11082107896
11083177653
11084918795
11085628945
11085691285
11085748716
11091564774
11093605033
11095703066
11096271304
11096864225
11096866764
11097201734
11097350714
11098132693
11036542116
11037907383
11038133096
11038722733
11038860373
11039213224
11039228645
11039817093
11040555435
11042781906
11043271973
11043918256
11044242796
11044260196
11044382286
11044569974
11044924896
11047507306
11048238625
11048500376
11049144014
11049498646
11050843884
11052825405
11054195173
11055280625
11056319435
11056877484
11057100006
11057265293
11057319813
11057477433
11057644983
11057657913
11058017995
11060216235
11061669255
11061891093
11063133606
11063139265
11063141454
11063225403
11063292994
11063492684
11063526833
11063541186
11063786804
11063850284
11063987145
